807F20DF	Start/Pause:
{8950,4350, 600,1650, 600,500, 600,550, 550,550, 600,500, 600,500, 600,550, 600,500, 600,550, 550,1650, 600,1650, 600,1600, 600,1600, 600,1650, 600,1600, 600,1650, 550,550, 600,550, 550,1650, 600,500, 600,550, 550,550, 600,550, 550,550, 550,1650, 600,1650, 600,500, 600,1650, 550,1650, 600,1650, 550,1650, 550,1700, 550}; 


807FE01F 	Power on/off
807FA05F	Clock
807F807F	Timer
807F40BF	Auto
807FC03F	Spot
807FB04F	Turbo
807F708F	Corner

807F609F 	Base:
{8900,4400, 600,1600, 650,500, 600,500, 600,550, 600,500, 600,500, 600,550, 600,500, 600,500, 600,1650, 600,1600, 600,1650, 600,1600, 600,1650, 600,1600, 600,1650, 600,500, 600,1600, 650,1600, 600,500, 600,550, 600,500, 600,500, 600,550, 600,1600, 600,550, 550,550, 600,1650, 550,1650, 550,1700, 550,1650, 550,1700, 550}

807F10EF	Up/Fwd:
{8900,4400, 600,1600, 650,500, 600,500, 600,550, 600,500, 600,500, 600,550, 600,500, 600,500, 600,1650, 600,1600, 600,1650, 600,1600, 600,1650, 600,1600, 600,1650, 600,500, 600,500, 600,550, 600,1600, 600,550, 600,500, 600,500, 600,550, 600,1600, 600,1650, 600,1600, 600,500, 650,1600, 600,1600, 600,1650, 600,1600, 600}

807F50AF	Right:
{8900,4400, 600,1650, 600,500, 600,500, 600,550, 600,500, 600,500, 600,550, 600,500, 600,500, 650,1600, 600,1600, 600,1650, 600,1600, 600,1650, 600,1600, 600,1650, 600,500, 600,1650, 600,500, 600,1600, 600,550, 600,500, 600,500, 650,500, 600,1600, 600,550, 600,1600, 600,500, 650,1600, 600,1600, 650,1600, 600,1600, 600}

807F906F 	Down/Bwd:
{8900,4400, 600,1650, 600,500, 600,500, 650,500, 600,500, 600,550, 600,500, 600,500, 600,550, 600,1600, 600,1650, 600,1600, 600,1650, 600,1600, 600,1600, 650,1600, 600,1600, 650,500, 600,500, 600,1650, 600,500, 600,500, 600,550, 600,500, 600,500, 650,1600, 600,1600, 650,500, 600,1600, 600,1650, 600,1600, 600,1650, 600}

807FD02F 	Left
{8950,4350, 650,1600, 600,500, 600,550, 600,500, 600,500, 650,500, 600,500, 600,550, 600,500, 600,1650, 550,1650, 550,1750, 500,1750, 450,1750, 500,1650, 550,1700, 550,1650, 550,1700, 550,550, 550,1650, 600,550, 550,550, 550,600, 550,550, 550,550, 550,600, 550,1650, 550,600, 550,1650, 550,1650, 600,1650, 550,1650, 600}

807F30CF	Ok

